%YAML:1.0

image_topic: /zed2i/image

image_width: 1280
image_height: 720

cam_fx: 524.9308471679688
cam_fy: 524.9308471679688
cam_cx: 640.9544677734375
cam_cy: 356.6098327636719

# Rectified image, so distortion should be zero.
cam_d0: 0.0
cam_d1: 0.0
cam_d2: 0.0
cam_d3: 0.0
cam_d4: 0.0

CameraExtrinsics:  # camera to imu # probably means imu to camera
    Trans: [-0.07257, 0.06, -0.0016195]
    Rot: [ 0.0, 0.0, 1.0,
          -1.0, 0.0, 0.0,
          0.0, -1.0, 0.0]

# Start with zero unless you have measured camera/IMU timestamp offset.
img_time_offset: -0.05
